4.471602478157065130e-01
3.599617060290049575e-01
3.196740751511643053e-01
7.590962545476721557e-01
6.279101347212323603e-01
6.247223837857567297e-01
7.461995591818604279e-01
5.335994694344547984e-01
1.933569625691423655e-01
1.009337604299501423e-01
1.353099437121747795e-01
2.170095226912570896e-01
2.952758765618187509e-01
1.699217310008110104e-01
1.348770737056542268e-04
-3.685537998605547400e-02
-5.156444558904244024e-02
-8.725119215684132290e-02
-1.949797089853901044e-01
-3.329099686066123720e-01
-4.448963672325486618e-01
-6.160205945720114151e-01
-7.598523036229370975e-01
-8.829616689376583727e-01
-1.003492389219752701e+00
-1.178190925317597504e+00
-1.257720006298702398e+00
-1.232099101706747968e+00
-1.289721646509909059e+00
-1.379606722499383320e+00
-1.398030881845629070e+00
-1.346281626630767780e+00
-1.347289236955906411e+00
-1.439946379110881747e+00
-1.494665331378187023e+00
-1.525731382191966690e+00
-1.513311469918690255e+00
-1.508131879534587716e+00
-1.526708955352941155e+00
-1.615813861514109773e+00
-1.751453958033530656e+00
-1.740480266948469801e+00
-1.650454562417682292e+00
-1.644032298143430104e+00
-1.680882664824387307e+00
-1.684710924152519551e+00
-1.652599602781259280e+00
-1.591163020792089045e+00
-1.557189509019796247e+00
-1.589453860640301253e+00
-1.619896071411992544e+00
-1.624975424138411340e+00
-1.609814279303756646e+00
-1.558029411845019085e+00
-1.561947782665643603e+00
-1.612138291103811127e+00
-1.569231567421145668e+00
-1.572596526247475257e+00
-1.598063376595951990e+00
-1.606588469915959605e+00
-1.638481908069893800e+00
-1.667567895368724296e+00
-1.629041932791390090e+00
-1.587802726828375866e+00
-1.685448768885867032e+00
-1.730473226419233290e+00
-1.724265318271060776e+00
-1.739928220279818971e+00
-1.710705814193743457e+00
-1.646323200796621977e+00
-1.663767397662016423e+00
-1.718928715437919141e+00
-1.672954673919276436e+00
-1.604338299477808372e+00
-1.600760577405316853e+00
-1.604279818029398230e+00
-1.661411755817880032e+00
-1.661123330775623241e+00
-1.605798515253873182e+00
-1.554462384823404264e+00
-1.583493872873618979e+00
-1.590779250509039011e+00
-1.590613477220451877e+00
-1.631835730390055250e+00
-1.663782074912687481e+00
-1.664541764856335870e+00
-1.661644657617288301e+00
-1.714906352314090388e+00
-1.805799948845799197e+00
-1.867457258480720306e+00
-1.853949409223593969e+00
-1.824389767703495036e+00
-1.891053498920027387e+00
-1.924502042982271677e+00
-1.909432033634342218e+00
-1.899871113259223421e+00
-1.911016494043994429e+00
-1.899154886181903201e+00
-1.923656223745925598e+00
-1.940049461196990066e+00
-1.911508921492865332e+00
-1.945152593345038650e+00
-2.019992690956720072e+00
-2.040878077330224194e+00
-2.012391923097577973e+00
-2.037271797196349432e+00
-2.039206691187915421e+00
-2.064164161294110400e+00
-2.121596356947095252e+00
-2.164517188994746988e+00
-2.106473099899056844e+00
-2.107849803256574894e+00
-2.130885122410546284e+00
-2.173813918857786742e+00
-2.170525532044647932e+00
-2.160384348270905974e+00
-2.124365920015582887e+00
-2.158033257512249392e+00
-2.229485754647341000e+00
-2.264417383690183971e+00
-2.292365372064891105e+00
-2.292846876908611442e+00
-2.280683645856373065e+00
-2.309273109729401696e+00
-2.351529938405608977e+00
-2.336781008138251181e+00
-2.299866243597760374e+00
-2.358936374914780920e+00
-2.375316869326502989e+00
-2.376745682612759758e+00
-2.384955613263319396e+00
-2.360899258082044927e+00
-2.381822190910753978e+00
-2.383844920852072224e+00
-2.335520357460457941e+00
-2.307264488153069504e+00
-2.300426482220274238e+00
-2.332792891932654822e+00
-2.381847449435164688e+00
-2.422512080856404904e+00
-2.421770936586085110e+00
-2.405973891332821690e+00
-2.446220733107053569e+00
-2.460840867655344599e+00
-2.424671798470653172e+00
-2.412956166675313874e+00
-2.413614253635634643e+00
-2.386922364853241163e+00
-2.391103674637437670e+00
-2.407865094903785419e+00
-2.409286171344727556e+00
-2.431454281160599695e+00
-2.396250497206088514e+00
-2.395447913281796737e+00
-2.378389534687918250e+00
-2.369322862195862189e+00
-2.378946587550596625e+00
-2.325626297628247130e+00
-2.283427040183354073e+00
-2.315496264013929828e+00
-2.328083428678574318e+00
-2.334576917440578825e+00
-2.357764470403835855e+00
-2.352897767146441943e+00
-2.351873317805029728e+00
-2.383053714641479193e+00
-2.399968051379934408e+00
-2.453796242441784958e+00
-2.480062604731854581e+00
-2.514059213262955339e+00
-2.533363552540916608e+00
-2.535633178869492355e+00
-2.547760683900717193e+00
-2.592136497976132326e+00
-2.632146228196887261e+00
-2.643651599843078515e+00
-2.658378912454409715e+00
-2.672572837847555061e+00
-2.704634552387089830e+00
-2.719732323356443882e+00
-2.714136991313798042e+00
-2.712203917756423888e+00
-2.725135599591858693e+00
-2.769747615003654406e+00
-2.791629233988598635e+00
-2.810696916821631142e+00
-2.859267466383407008e+00
-2.900799307142746475e+00
-2.921276233594474636e+00
-2.890661764237388187e+00
-2.901099678784386793e+00
-2.924035556720633533e+00
-2.894565912915889605e+00
-2.878982086017336073e+00
-2.882625685052141673e+00
-2.903265767918306040e+00
-2.925886028076556400e+00
-2.893692559612393023e+00
-2.900591550090612092e+00
-2.914922008048139723e+00
-2.929960387351987272e+00
-2.952828454114591050e+00
-2.931600826113036184e+00
-2.930881527053017521e+00
-2.948941599560911175e+00
-2.955630102335708109e+00
-2.992670249281156103e+00
-2.941224096359222440e+00
-2.905513549036580656e+00
-2.873897840874026777e+00
-2.880797286460793583e+00
-2.884268399355930601e+00
-2.864267288891073626e+00
-2.844887401594154319e+00
-2.844224535994079872e+00
-2.852879335250250392e+00
-2.848312320971674971e+00
-2.845839033567896248e+00
-2.833348351915415453e+00
-2.830170784033700038e+00
-2.828154653166326860e+00
-2.839319603618659205e+00
-2.811646728361181236e+00
-2.834623793621016574e+00
-2.845800576895595402e+00
-2.859678429402196631e+00
-2.852090177028122842e+00
-2.859748288564305518e+00
-2.842354950079143183e+00
-2.823877998141336665e+00
-2.830239050315890736e+00
-2.834007349092832140e+00
-2.859908714327454415e+00
-2.897139779308762986e+00
-2.910631699766711211e+00
-2.897573952863497393e+00
-2.897028050160243673e+00
-2.902688462725244722e+00
-2.952353775899089872e+00
-2.961587928336787634e+00
-2.943587702602947775e+00
-2.977245255265833279e+00
-3.033300520007026879e+00
-3.073953091051746966e+00
-3.071363750968243433e+00
-3.052639902643179415e+00
-3.069064087475503744e+00
-3.137611854303369974e+00
-3.179811566856811211e+00
-3.170601080063605970e+00
-3.162927267282519495e+00
-3.163855916274590729e+00
-3.196074415708890726e+00
-3.221521355058394764e+00
-3.232291726399663556e+00
-3.241951632883959267e+00
-3.497309853373128163e+00
4.227574412523130709e-01
3.346125581287393014e-01
2.909884127088152028e-01
7.284665390542298669e-01
5.969680440981978142e-01
5.924208270414577093e-01
7.132129502957750278e-01
4.989314051294373997e-01
1.593849725660567429e-01
6.652251245632095911e-02
1.014968932583860534e-01
1.831469151832403608e-01
2.598242575586703351e-01
1.335197031281430968e-01
-3.690547392614862421e-02
-7.493579129495675506e-02
-8.984029757499961688e-02
-1.270003016231901483e-01
-2.344336947805421012e-01
-3.725043838330880375e-01
-4.821865394365210111e-01
-6.541484509470353315e-01
-7.974738517383781478e-01
-9.197983254736087355e-01
-1.039761468507853781e+00
-1.216244940330718283e+00
-1.295733289096782537e+00
-1.269956396050021974e+00
-1.326279719725951933e+00
-1.417597136092929588e+00
-1.435163643380582776e+00
-1.384085331942521702e+00
-1.384596873950405982e+00
-1.478091984719275498e+00
-1.533450364496436125e+00
-1.567028955826254011e+00
-1.553633859711879950e+00
-1.547837028359634104e+00
-1.568314637474183870e+00
-1.656831543391414252e+00
-1.793202999347374371e+00
-1.783256829586424619e+00
-1.692878188376709669e+00
-1.686023457204777865e+00
-1.722627041275614612e+00
-1.727828135538607368e+00
-1.694109484553160794e+00
-1.631439672176210776e+00
-1.598563995998685705e+00
-1.629989582565337658e+00
-1.660473549546302330e+00
-1.666049767029934348e+00
-1.653311278773100135e+00
-1.601345391889419600e+00
-1.604797162671268707e+00
-1.654939202049080738e+00
-1.610450862385187421e+00
-1.613766783265476734e+00
-1.640506003336855922e+00
-1.647292126895185671e+00
-1.679403334489309119e+00
-1.710749390837208672e+00
-1.672417190724159619e+00
-1.629929508237009550e+00
-1.728075487034412605e+00
-1.773712293119031891e+00
-1.768979391774732290e+00
-1.786585038397508152e+00
-1.755368232877223544e+00
-1.689366343266532455e+00
-1.708191111912102045e+00
-1.763702635715644451e+00
-1.717626877436537303e+00
-1.649568693629117400e+00
-1.646296349392293523e+00
-1.648701484291018149e+00
-1.705543176603051547e+00
-1.706175663707550916e+00
-1.651044838204360099e+00
-1.599757063057109852e+00
-1.628123068633099635e+00
-1.635329940043999786e+00
-1.636376575927124488e+00
-1.676002877196240082e+00
-1.709455972343963737e+00
-1.711922888228071260e+00
-1.709494429016264583e+00
-1.761216491495386505e+00
-1.850833849881535320e+00
-1.913083824623010853e+00
-1.901007177972018125e+00
-1.869359498433971423e+00
-1.935988755177997511e+00
-1.970125992250411739e+00
-1.955025035521222199e+00
-1.945317115085118953e+00
-1.957309907986153785e+00
-1.945046553053368710e+00
-1.969357313912941443e+00
-1.987208036488782970e+00
-1.958515490529646241e+00
-1.991255999468433124e+00
-2.067793879518204037e+00
-2.086562783589513970e+00
-2.057240594954302448e+00
-2.083954784055545240e+00
-2.086440814498665919e+00
-2.110971620341167476e+00
-2.168476178253275322e+00
-2.210931889364932346e+00
-2.154356435553443916e+00
-2.154795615302205647e+00
-2.177650256362645198e+00
-2.220477563603695081e+00
-2.218092567258216796e+00
-2.209187913409227377e+00
-2.171901780293617801e+00
-2.205388212142477933e+00
-2.278064268608706033e+00
-2.314035138020769544e+00
-2.342610721083085323e+00
-2.342187242579227391e+00
-2.329392320862448962e+00
-2.357814759898383183e+00
-2.399383692004379842e+00
-2.385079857896907018e+00
-2.349898829369792885e+00
-2.407037707563631113e+00
-2.423562016276501918e+00
-2.426442853384960685e+00
-2.434698294890314418e+00
-2.410331555679344984e+00
-2.431295220723094452e+00
-2.433930526769939817e+00
-2.384101146964562545e+00
-2.355888285414954542e+00
-2.349241425072293943e+00
-2.381303139611828712e+00
-2.431635641916953805e+00
-2.473776190359162630e+00
-2.471591669329051832e+00
-2.454314838632162044e+00
-2.495561553886217254e+00
-2.511075976731210080e+00
-2.475304444863144493e+00
-2.461926984205002888e+00
-2.461668254995498906e+00
-2.436965418121876059e+00
-2.440488185837204060e+00
-2.457191352209415314e+00
-2.458794244515259297e+00
-2.481918764944627043e+00
-2.446043013219082685e+00
-2.445429526896460093e+00
-2.428163846358994959e+00
-2.418545809861110119e+00
-2.428058488730147069e+00
-2.376839207419361610e+00
-2.333851019306614649e+00
-2.364694863371862965e+00
-2.377962187761403001e+00
-2.382773367775948170e+00
-2.406933715260426876e+00
-2.403743859447916797e+00
-2.402131637416840437e+00
-2.432008830926264409e+00
-2.448738621148530026e+00
-2.502279638716630394e+00
-2.529219106549103202e+00
-2.563515631613296097e+00
-2.583991647847928341e+00
-2.584498866324607125e+00
-2.597588015717628984e+00
-2.642668110270980808e+00
-2.681517541248763070e+00
-2.693233400598376903e+00
-2.709458475440977399e+00
-2.723237796946949896e+00
-2.754352885706770060e+00
-2.769478645851822129e+00
-2.762262672269963026e+00
-2.759728172766486409e+00
-2.774832997918333710e+00
-2.817865559114504315e+00
-2.839665713669367264e+00
-2.859453378225240705e+00
-2.908005268336550930e+00
-2.949893459088927195e+00
-2.969671111256745988e+00
-2.938539866143473844e+00
-2.950011559757117485e+00
-2.973610530847712319e+00
-2.944503153447128874e+00
-2.927366951291552333e+00
-2.930169964838313490e+00
-2.951797405699233323e+00
-2.975610505361633962e+00
-2.941936796345296479e+00
-2.948646689221846362e+00
-2.964826480763926853e+00
-2.981067256851431591e+00
-3.002721776670953968e+00
-2.981324393181017385e+00
-2.981302320416442608e+00
-2.998309499298677849e+00
-3.003690930323791530e+00
-3.040856914782744891e+00
-2.990091376694255398e+00
-2.955993278956964065e+00
-2.924321592443013706e+00
-2.930143340988259126e+00
-2.932949540294855773e+00
-2.913306600257227430e+00
-2.894037076783183338e+00
-2.893546469768504270e+00
-2.903362478484743381e+00
-2.897788308989577288e+00
-2.894941149913665690e+00
-2.881571881209387342e+00
-2.878883782570980987e+00
-2.878043652191484281e+00
-2.890018013196327562e+00
-2.862917664492158121e+00
-2.884507331343598935e+00
-2.895557366887576478e+00
-2.910059400767677218e+00
-2.902576050913903583e+00
-2.909024483929662175e+00
-2.890656985597634954e+00
-2.873421569778607854e+00
-2.880326704222224254e+00
-2.886031489870648947e+00
-2.911267031299635377e+00
-2.949147081070305987e+00
-2.960094717190997038e+00
-2.947062228812193929e+00
-2.945766989884757603e+00
-2.951714120834960209e+00
-3.003331167016645153e+00
-3.012392150651852063e+00
-2.993865136773771862e+00
-3.028303655704922104e+00
-3.083567941789796318e+00
-3.124190020561804282e+00
-3.121256845970332261e+00
-3.102206912370669478e+00
-3.119314670241999377e+00
-3.187160204580394396e+00
-3.229295291720028160e+00
-3.220435010954462829e+00
-3.212995123967017363e+00
-3.214419386167794990e+00
-3.246833809831982887e+00
-3.271045812136652575e+00
-3.282685895913034280e+00
-3.293016177288444979e+00
-3.549567692390311890e+00
4.198839712134741498e-01
3.355473795304917961e-01
2.997461802739571635e-01
7.425985696848554918e-01
6.159241115598481642e-01
6.155547909731949874e-01
7.373252838284459765e-01
5.239602703890905433e-01
1.853328726497056878e-01
9.450607751954918923e-02
1.277349037081334238e-01
2.121641668691899574e-01
2.915939915204175392e-01
1.662538405472589187e-01
-2.981881872707959746e-03
-4.328580065881513367e-02
-5.733257310294828657e-02
-9.125340250528153618e-02
-2.000281569969753481e-01
-3.358339556942726567e-01
-4.457539339582883842e-01
-6.180561244412404731e-01
-7.613329423950906394e-01
-8.822926593721868160e-01
-1.003426626034575442e+00
-1.181405925877381025e+00
-1.259455562746270685e+00
-1.233845694536603865e+00
-1.289175971360929207e+00
-1.379008482313116568e+00
-1.395570451258329570e+00
-1.343480888626746417e+00
-1.345370044209244442e+00
-1.439748179338254053e+00
-1.492584688874143417e+00
-1.525870645407636284e+00
-1.512954323485694585e+00
-1.507318941890830377e+00
-1.528770483297971383e+00
-1.618522553814310205e+00
-1.753526408583711227e+00
-1.742729868500936252e+00
-1.652927963598597838e+00
-1.645971174334790676e+00
-1.682675678726132995e+00
-1.687280922122735394e+00
-1.651242013982755052e+00
-1.590237102451305562e+00
-1.558365395730535674e+00
-1.590959587271159936e+00
-1.620786036177488620e+00
-1.627274518745466025e+00
-1.612426716146067918e+00
-1.561979867818273249e+00
-1.564613694762337692e+00
-1.612972391295047769e+00
-1.568823676385054489e+00
-1.574885836020749386e+00
-1.601548939187485532e+00
-1.605501556926342444e+00
-1.637684216562492301e+00
-1.668910124253735860e+00
-1.629974791537529555e+00
-1.588265230890219648e+00
-1.686941069814561489e+00
-1.729802168865296030e+00
-1.725686963597687695e+00
-1.744264153193178180e+00
-1.714273978986728064e+00
-1.650024484839879069e+00
-1.667642533170586416e+00
-1.723583565666247042e+00
-1.676933801731050888e+00
-1.606128355173992439e+00
-1.603218846227013605e+00
-1.605978055576035457e+00
-1.662600840676509817e+00
-1.665223858792560518e+00
-1.610589898046583146e+00
-1.558724248820586133e+00
-1.587755167985116067e+00
-1.595713196054390881e+00
-1.596858818046692274e+00
-1.632078303246107254e+00
-1.666809456973582737e+00
-1.671627918724895023e+00
-1.668533180598904542e+00
-1.718017246793532626e+00
-1.806403650334641231e+00
-1.870810498261940458e+00
-1.860044564229014208e+00
-1.827593618103853901e+00
-1.894691750429394972e+00
-1.929148246148188806e+00
-1.912729750172713628e+00
-1.903607554437809046e+00
-1.915224427678245522e+00
-1.903740673688081309e+00
-1.928848329615096446e+00
-1.945534429416760247e+00
-1.916301897165493040e+00
-1.949104755975347603e+00
-2.026404715288643299e+00
-2.043948467148899883e+00
-2.015635026610196778e+00
-2.042987733004198780e+00
-2.045866977232739803e+00
-2.068748697251781454e+00
-2.125377171209104965e+00
-2.168810227927462808e+00
-2.111782851327870247e+00
-2.114769273619450995e+00
-2.137951365280132965e+00
-2.179442928932979751e+00
-2.177684617058014638e+00
-2.168008781774541038e+00
-2.130463919449427923e+00
-2.164629145697540391e+00
-2.236949534833553077e+00
-2.272390430341540757e+00
-2.300700457566134283e+00
-2.300710697508462577e+00
-2.287251772420240137e+00
-2.314936025391415964e+00
-2.357842976628355736e+00
-2.344229087079559459e+00
-2.309134529176553929e+00
-2.364226556676032764e+00
-2.380302583469183109e+00
-2.384672308192226975e+00
-2.392175682822109906e+00
-2.368437676070119569e+00
-2.387677162379999274e+00
-2.392058037262467352e+00
-2.341842042745615249e+00
-2.314550093342763404e+00
-2.308929502775706855e+00
-2.339032657679183114e+00
-2.387458937831262062e+00
-2.431946936163744244e+00
-2.429715538953195697e+00
-2.412693341488878485e+00
-2.453969183690001721e+00
-2.469608306277130350e+00
-2.434801376976422738e+00
-2.420238358550898194e+00
-2.418945622720475086e+00
-2.393653647831544440e+00
-2.397511375438155845e+00
-2.414166072750011605e+00
-2.416903550665869371e+00
-2.438891209942483318e+00
-2.403970275950516822e+00
-2.403136289536417447e+00
-2.386126380002894454e+00
-2.375566268810774151e+00
-2.384877789701621786e+00
-2.335174474964023528e+00
-2.294182165388266803e+00
-2.324978223055981008e+00
-2.336059661089766593e+00
-2.340430751138454113e+00
-2.364655724036739848e+00
-2.360885377271332963e+00
-2.360468725395694189e+00
-2.390928457846480892e+00
-2.405936117323342671e+00
-2.459381789650649797e+00
-2.490455918641155009e+00
-2.525412351099860953e+00
-2.543392779611865162e+00
-2.544274552423498648e+00
-2.556960248088771870e+00
-2.600510267703949996e+00
-2.639077758936283935e+00
-2.651515192888656003e+00
-2.668952449348694245e+00
-2.682280303175110348e+00
-2.712189126728616007e+00
-2.728672475672172748e+00
-2.721649695668913793e+00
-2.718622996270840364e+00
-2.733230615334063529e+00
-2.774105051795904053e+00
-2.797207271906422488e+00
-2.818159559236473655e+00
-2.867264178679256759e+00
-2.907751545321074715e+00
-2.928599157685099375e+00
-2.897349584349363294e+00
-2.909197197623605291e+00
-2.932403865145876143e+00
-2.901784844703310107e+00
-2.883674482700869124e+00
-2.887850103628216480e+00
-2.910265337385619766e+00
-2.933917328622049681e+00
-2.898318965556474947e+00
-2.904422653847169133e+00
-2.923042964977576652e+00
-2.940960588509965667e+00
-2.960953962129507566e+00
-2.938327330451586228e+00
-2.940632682801175068e+00
-2.956526666175149476e+00
-2.959711288239358140e+00
-2.998505423528565750e+00
-2.949894596860297202e+00
-2.915231254306464681e+00
-2.884008987483604791e+00
-2.890243064373283488e+00
-2.893554889276641173e+00
-2.873175811162720361e+00
-2.853351510368737909e+00
-2.854146585001988701e+00
-2.864591098622932375e+00
-2.857151666744035090e+00
-2.853323293638765801e+00
-2.840334040572016772e+00
-2.838317454596095857e+00
-2.837740832065855923e+00
-2.849694940740315818e+00
-2.824543821946972511e+00
-2.846306202492356441e+00
-2.855189693793866557e+00
-2.868524146694228172e+00
-2.860074601393178373e+00
-2.867240513034763794e+00
-2.848709630734026277e+00
-2.833608446450563090e+00
-2.840037764907307860e+00
-2.845677470033377787e+00
-2.870634712585298676e+00
-2.908606694282653393e+00
-2.918832983354859856e+00
-2.905711293700660391e+00
-2.905875815440740695e+00
-2.912689700620494815e+00
-2.963533062270682361e+00
-2.972403355424302340e+00
-2.954592682400679404e+00
-2.989014589869829930e+00
-3.043509970062959535e+00
-3.083183147512513322e+00
-3.080254751560794979e+00
-3.063039360517877174e+00
-3.080748771889583182e+00
-3.148294389694886064e+00
-3.189598221071707762e+00
-3.179680723149278521e+00
-3.172460426036213921e+00
-3.175188574226838867e+00
-3.207085311917745596e+00
-3.231097976678417361e+00
-3.243386590135613368e+00
-3.253771939645324629e+00
-3.510723950269378779e+00
