1.475618128281421582e+00
1.254603878857955213e+00
1.398977762338304620e+00
1.668728971942032846e+00
1.718919680793349780e+00
1.731819840081333606e+00
1.855808996462218197e+00
1.892783259084733327e+00
1.815114089600280423e+00
1.722688203531469675e+00
1.708070432216587164e+00
1.804332857679548763e+00
1.913541371526287893e+00
1.935868708893066836e+00
1.898013514337110852e+00
1.891273608814028728e+00
1.903179543913847915e+00
1.872071949955645742e+00
1.878103924794098045e+00
1.885608968708315958e+00
1.849474712907713814e+00
1.809250563310362159e+00
1.795969249239676380e+00
1.786030574720843589e+00
1.735236867592934162e+00
1.709258484366892095e+00
1.677980241776839687e+00
1.646617045341648655e+00
1.637843938164775581e+00
1.626559784375401163e+00
1.631611795524722242e+00
1.673761563728731305e+00
1.683761868546687968e+00
1.655787045818004621e+00
1.623236555935644088e+00
1.595285165831422658e+00
1.607595875452243694e+00
1.642776625778187727e+00
1.653553981015033258e+00
1.642463773344122968e+00
1.632728277120035543e+00
1.608524469005000235e+00
1.616072512549389106e+00
1.627878935607503408e+00
1.625203268789066291e+00
1.609795444091039585e+00
1.637992344661487021e+00
1.627972737076225584e+00
1.605380879389340487e+00
1.582483172295402252e+00
1.592628797924301232e+00
1.589045211944923208e+00
1.612823771301329367e+00
1.617445348694612983e+00
1.589506163973307906e+00
1.590326377780975742e+00
1.604414722665131299e+00
1.597171313020538275e+00
1.585983025763972210e+00
1.575679736528526442e+00
1.559916904586551745e+00
1.582059335413393164e+00
1.596740030279472311e+00
1.597199534332428117e+00
1.567473129364299389e+00
1.548677771833992134e+00
1.539430332894663689e+00
1.535730866298319341e+00
1.566049265175855076e+00
1.581415228586688482e+00
1.575140296452005595e+00
1.567071453274881732e+00
1.576711062645310690e+00
1.604395134933834566e+00
1.612105114626223079e+00
1.621709672300487570e+00
1.629150403512007461e+00
1.610914786820996314e+00
1.634986709233800184e+00
1.635869038962893596e+00
1.639584065711318317e+00
1.638517568806939106e+00
1.632403024168318062e+00
1.622232052755879783e+00
1.616414119581974562e+00
1.622883662997496312e+00
1.619135162871758959e+00
1.613658949261519648e+00
1.609530287449048247e+00
1.597526688182928201e+00
1.575237987663428152e+00
1.555885185766600731e+00
1.559469666906063701e+00
1.566018539225340733e+00
1.578276014438622310e+00
1.574567391902988778e+00
1.565755880042969839e+00
1.581780656205054703e+00
1.598226060510943736e+00
1.588809013466099485e+00
1.605703228026287732e+00
1.583699497894069719e+00
1.575043628885390845e+00
1.607969526341236355e+00
1.629256690161198895e+00
1.607447169875849902e+00
1.597884444239564994e+00
1.582824634629807159e+00
1.597614693103496020e+00
1.599334903307779276e+00
1.624676151779634425e+00
1.627968611384267961e+00
1.611381531110618104e+00
1.603567578081570355e+00
1.598904511365009773e+00
1.611572268701943145e+00
1.649686424807632612e+00
1.615487412369914999e+00
1.605560563901635041e+00
1.610735587907411448e+00
1.607812893067825932e+00
1.599925499027309739e+00
1.601218128272479779e+00
1.624637379976114238e+00
1.639081669483528181e+00
1.651052704926645021e+00
1.663174445181275107e+00
1.677931324337270658e+00
1.695418814481964409e+00
1.696238186988083374e+00
1.715352138488181133e+00
1.725210411864090521e+00
1.751876276282095857e+00
1.760963858945158833e+00
1.775338443236091246e+00
1.786292675676943498e+00
1.778351169251757513e+00
1.782771094870785333e+00
1.779366829904683200e+00
1.812430396550677614e+00
1.810802656726682613e+00
1.824105932104762351e+00
1.841749612671390812e+00
1.836061528728033077e+00
1.847160927533094910e+00
1.879441589827749670e+00
1.885169028789887014e+00
1.874881267548720976e+00
1.881131941892617343e+00
1.898439482417725310e+00
1.907647752918289141e+00
1.909959266742544903e+00
1.929289651973528752e+00
1.909935251950257040e+00
1.901889678703102771e+00
1.888321158353724716e+00
1.901028366201478415e+00
1.919302712668436550e+00
1.929542372085565782e+00
1.946980897643627584e+00
1.920013724742809957e+00
1.899376844758896787e+00
1.893662578212526482e+00
1.888617325429778004e+00
1.877888218278316534e+00
1.882779394547279495e+00
1.873314166648810009e+00
1.871491690308391131e+00
1.859752609423103165e+00
1.863745720364345937e+00
1.885676557925327179e+00
1.897398697676699442e+00
1.892738240992087428e+00
1.874431217164674646e+00
1.866085927518477350e+00
1.880527287016833915e+00
1.881064619364438473e+00
1.891595528014155203e+00
1.887756594688899670e+00
1.880945027916945067e+00
1.890418451463181881e+00
1.900871404717441759e+00
1.897916745303739772e+00
1.904380256034759578e+00
1.892788665542009419e+00
1.892863388427525884e+00
1.892993931033281063e+00
1.884985784340665660e+00
1.869237886255401326e+00
1.871847920251517472e+00
1.883064459250004985e+00
1.878317307289375515e+00
1.882009858771229949e+00
1.877566131891050816e+00
1.869228303830341664e+00
1.864946031601806054e+00
1.897381352377160546e+00
1.915655547704035566e+00
1.885780902101280132e+00
1.842261240494668995e+00
1.869099281362610609e+00
1.884775250394391533e+00
1.877898018659805324e+00
1.872403049911711914e+00
1.845721617400601922e+00
1.838238463061238726e+00
1.846497232784534814e+00
1.848545750717470071e+00
1.850544928140050338e+00
1.848535727492971903e+00
1.839980301661397144e+00
1.842423807451379236e+00
1.853898861958593658e+00
1.870151170790909756e+00
1.835998194849023379e+00
1.813440533713438940e+00
1.829628454543216209e+00
1.835077853433764394e+00
1.810105022824163967e+00
1.799830739527001677e+00
1.792777904562052882e+00
1.816053432844499715e+00
1.805247652180555384e+00
1.782937929974951485e+00
1.787524596955020861e+00
1.779578171274759590e+00
1.770315411182490140e+00
1.763828653991489581e+00
1.777076302081273873e+00
1.770148720461574676e+00
1.764423816086727825e+00
1.740446388809782752e+00
1.730217510401565573e+00
1.718199656047871393e+00
1.727350849676658084e+00
1.724186255021260106e+00
1.735170037625522577e+00
1.739559948723005345e+00
1.730270625228982784e+00
1.738128657861873316e+00
1.724280094639579985e+00
1.721548123589481838e+00
1.728275399194826534e+00
1.710665408590788639e+00
1.726394533906830953e+00
1.709721428034790103e+00
1.709526508416041812e+00
1.691075517611821732e+00
1.675604156413857071e+00
1.686937952850462441e+00
1.700239030664733697e+00
1.680808155497549583e+00
1.669036066456594192e+00
1.675498164281238322e+00
1.669766916621638231e+00
1.681453053431805733e+00
1.796206184529774319e+00
1.538372160107493114e+00
1.325543454291352230e+00
1.464834780048957175e+00
1.734497354494306309e+00
1.780787423957016058e+00
1.794938359260304317e+00
1.917808311714866099e+00
1.952513145791129112e+00
1.869774050336449500e+00
1.779155612529508046e+00
1.765191781304481511e+00
1.860275619660766599e+00
1.969664733457647365e+00
1.990978370354317128e+00
1.952381379898899594e+00
1.945802374520029687e+00
1.957076075020470096e+00
1.929738557153308331e+00
1.932120228139529550e+00
1.937648757768274832e+00
1.896175862857850447e+00
1.853948895617825832e+00
1.837654800248085252e+00
1.824879412251525057e+00
1.772312656861704472e+00
1.744533020658490363e+00
1.712028746353059017e+00
1.681478632332074508e+00
1.671284479463241768e+00
1.659485984484895704e+00
1.663157307181721167e+00
1.705905315027767433e+00
1.715627151867633371e+00
1.686482451112790937e+00
1.653670469481919980e+00
1.628047964130242997e+00
1.639881194941741560e+00
1.673982545456079052e+00
1.685469889858297599e+00
1.672450865289337063e+00
1.660416658276360202e+00
1.638249269609079128e+00
1.647791351299922713e+00
1.658411547840844991e+00
1.654592800162419941e+00
1.641018146782515119e+00
1.667186630146262338e+00
1.657448041128802618e+00
1.637005417952155817e+00
1.612956948986457473e+00
1.622630981998525845e+00
1.619483653624911312e+00
1.646465892970121248e+00
1.652867444880476100e+00
1.625447366976286334e+00
1.624653341202636936e+00
1.638011870928220537e+00
1.631118876484345170e+00
1.619111132901947414e+00
1.609264309993601483e+00
1.592813083682819819e+00
1.614907257074046809e+00
1.630604957669421928e+00
1.630462965262217567e+00
1.599234795762648931e+00
1.579989276552959510e+00
1.573014615619469758e+00
1.572456910630395610e+00
1.599283123815844698e+00
1.614504410423704517e+00
1.609430506418452866e+00
1.600985699271272322e+00
1.612234605200964621e+00
1.641874346559544673e+00
1.649579069043560775e+00
1.656470229894487556e+00
1.661789293185100380e+00
1.645201891354026502e+00
1.670699649486301563e+00
1.673271795199984924e+00
1.675277370764785001e+00
1.673670092773295259e+00
1.669620468512402534e+00
1.656935431590435659e+00
1.652200917617037135e+00
1.661742386079080980e+00
1.659152201032218388e+00
1.649536968201512410e+00
1.641049084693178894e+00
1.628184962849830386e+00
1.608807051575044555e+00
1.589462993685011094e+00
1.590756771166460526e+00
1.597124101084106185e+00
1.610635135826909980e+00
1.606252651242467300e+00
1.597106396640924242e+00
1.612350014864642578e+00
1.628268518497541617e+00
1.621276743337230375e+00
1.637068248516531099e+00
1.614123945686081196e+00
1.605337079914593623e+00
1.634653440139584024e+00
1.655616794923295831e+00
1.635346169621930690e+00
1.627890476983857138e+00
1.611883618426446452e+00
1.625854398151380664e+00
1.624131912301518765e+00
1.651857017670229855e+00
1.654126016854360115e+00
1.636099453992497343e+00
1.627113378918990882e+00
1.623962712534447794e+00
1.638896578429820172e+00
1.674762496114783117e+00
1.640032025193819187e+00
1.629723654489839912e+00
1.635340453542330375e+00
1.633507036572590554e+00
1.623394200940175391e+00
1.623988128386199659e+00
1.646471059019815497e+00
1.658073010725432894e+00
1.671048043487988632e+00
1.686760615133913177e+00
1.696580052836521801e+00
1.713724316235880618e+00
1.717334088876884657e+00
1.735254081296521367e+00
1.745320386942468938e+00
1.771056164215078610e+00
1.781069099350655938e+00
1.794339500830272049e+00
1.805999735651102389e+00
1.798576476937238766e+00
1.801594867329972427e+00
1.798776930396766671e+00
1.832848417201090596e+00
1.828897648818232691e+00
1.840667557754660510e+00
1.858249697593896466e+00
1.853507375947170077e+00
1.866035818157356418e+00
1.896361671531327620e+00
1.900542156382110326e+00
1.893658265368797000e+00
1.898648537356739441e+00
1.915287977183505408e+00
1.925267864185555844e+00
1.928027980828195709e+00
1.946898459784442537e+00
1.928098673176712019e+00
1.920465098827094819e+00
1.906361412397589383e+00
1.918792103707360086e+00
1.941163125686940161e+00
1.951171109565694950e+00
1.965538901622277068e+00
1.939477750546592327e+00
1.916668495620470702e+00
1.911623702380710776e+00
1.909349652127765529e+00
1.898309455120831712e+00
1.900451001212508206e+00
1.890285071556206509e+00
1.886449395300830112e+00
1.874724221481480768e+00
1.878687943464709242e+00
1.901229327457145457e+00
1.910369028857819007e+00
1.906902987720376030e+00
1.888941856594708035e+00
1.877918683727801019e+00
1.892240350529178272e+00
1.894102667324921718e+00
1.903530172715608426e+00
1.897684480529248985e+00
1.890494818665887644e+00
1.898281649737682653e+00
1.908017234650568827e+00
1.907112879494013757e+00
1.910628135750538137e+00
1.898451186530744073e+00
1.898762339229239204e+00
1.897675083135569762e+00
1.888939866282529190e+00
1.872008588262690676e+00
1.874886895230446937e+00
1.886758338124965073e+00
1.882116302021807908e+00
1.887028626429899214e+00
1.881386082468314402e+00
1.872185328463360499e+00
1.868225089713539955e+00
1.901254204472889064e+00
1.918709429570115699e+00
1.888700847319025433e+00
1.847810573483108731e+00
1.875116970626165225e+00
1.888268965519783071e+00
1.881669780705586215e+00
1.877237564869981945e+00
1.848893481660645044e+00
1.839860963179247744e+00
1.847493254244814143e+00
1.851352454113191381e+00
1.856066021724070314e+00
1.855212547655666899e+00
1.845058739620299981e+00
1.846527515995831425e+00
1.858756056134707180e+00
1.875638532910916867e+00
1.841776735793550390e+00
1.820506606918424364e+00
1.835518164709624811e+00
1.840841673391104161e+00
1.815092495956527108e+00
1.805466450505783804e+00
1.799853215515393901e+00
1.823841931709258235e+00
1.814813269620895841e+00
1.789823875262642972e+00
1.794277101304829758e+00
1.786531034092901260e+00
1.777743352734680649e+00
1.769317741655729748e+00
1.781986302467313044e+00
1.776957246156226855e+00
1.772134916895010015e+00
1.750999561785381076e+00
1.739011592824099450e+00
1.727058312542032681e+00
1.731762497120742594e+00
1.729091485247631121e+00
1.739149941911063202e+00
1.743708597837434704e+00
1.735561239384754373e+00
1.742935634245499577e+00
1.728850912436138421e+00
1.726679239988464509e+00
1.730701761424041196e+00
1.711411784861535113e+00
1.726832375467179714e+00
1.710358089068253040e+00
1.710407282002572860e+00
1.689372172411191197e+00
1.672348787392417879e+00
1.684471995601058536e+00
1.698282222368731942e+00
1.679329100532388486e+00
1.666852510442452751e+00
1.671083338496552884e+00
1.666012782861743702e+00
1.678414969252951527e+00
1.787697047449508858e+00
1.535866776126602273e+00
1.321510061243570178e+00
1.456620389042548869e+00
1.719339914804919545e+00
1.759525338941233530e+00
1.766575320471812205e+00
1.888086129885651721e+00
1.924163838296585105e+00
1.843056042033951458e+00
1.748550075036894746e+00
1.737590006589675218e+00
1.827244337159853460e+00
1.931593857383301582e+00
1.953483372576778843e+00
1.914390915963158912e+00
1.913448306774632401e+00
1.923247535388225016e+00
1.888537102193107220e+00
1.896281062982124732e+00
1.899384167258251210e+00
1.859964604612496242e+00
1.820788942658662979e+00
1.806892165168386022e+00
1.793709966449472892e+00
1.745424428129775052e+00
1.724294329697939832e+00
1.689837741740954913e+00
1.658927785970311763e+00
1.648060521474066231e+00
1.634957011206996658e+00
1.637021482328446798e+00
1.677046555222322599e+00
1.690066076154107977e+00
1.664458887020058064e+00
1.627234974177289795e+00
1.601464733917656424e+00
1.613948726681003754e+00
1.648946912032770662e+00
1.662893914618712055e+00
1.654071167360966932e+00
1.642890373311624019e+00
1.618587011945339160e+00
1.627160407037374190e+00
1.637720413052634827e+00
1.635018164606601099e+00
1.620027160131975785e+00
1.640578975904529946e+00
1.632586826928463131e+00
1.612958619725614939e+00
1.592015754588660847e+00
1.601347940358943012e+00
1.600245569512315447e+00
1.622665395362346885e+00
1.631097699527970901e+00
1.601770129618085736e+00
1.597867509436972755e+00
1.611043520199133772e+00
1.610152702549667358e+00
1.598399400604850529e+00
1.582667821661242646e+00
1.566943308203999630e+00
1.590225819665251228e+00
1.604034051038154551e+00
1.604245483347470858e+00
1.576150627962886519e+00
1.551748097498771184e+00
1.546182275311108967e+00
1.548474330495261286e+00
1.576875289124106905e+00
1.594460331304769829e+00
1.587680699184412569e+00
1.581547108613198249e+00
1.590316107376897881e+00
1.612678416939395065e+00
1.621264643299468844e+00
1.629261283500603730e+00
1.635337891565038282e+00
1.622889335732645710e+00
1.648082006967607205e+00
1.648756115770428021e+00
1.652667835046674583e+00
1.652152362572149702e+00
1.648683269549835018e+00
1.627338719123614830e+00
1.626246883572460167e+00
1.640958362315048547e+00
1.637221691298279991e+00
1.623773107490022127e+00
1.614725159571197777e+00
1.607968479807718065e+00
1.590619756393300221e+00
1.568707453615499903e+00
1.572727548104577711e+00
1.580895732932896092e+00
1.591637516632913307e+00
1.588252653105678647e+00
1.578469007490016507e+00
1.594849155976001631e+00
1.613019255337052593e+00
1.603993790047568702e+00
1.618040775707053402e+00
1.595949928582863553e+00
1.591111310662661760e+00
1.618664984866248213e+00
1.641102294333833589e+00
1.622502162186760799e+00
1.615757949934782056e+00
1.597357997778163785e+00
1.611011166544627615e+00
1.612363570796101042e+00
1.637690263327522544e+00
1.644574090447754600e+00
1.628123594880248382e+00
1.617613518403554940e+00
1.615386026941933117e+00
1.628765912798767923e+00
1.663316848300754991e+00
1.630708809338375254e+00
1.621653306697905750e+00
1.627466728642770200e+00
1.625728032172965465e+00
1.615792408237229028e+00
1.615062115483806737e+00
1.637293331656282547e+00
1.652632924826279437e+00
1.665928264408079507e+00
1.681308786975311609e+00
1.689041353934894962e+00
1.706032889212647063e+00
1.712157581086012570e+00
1.728684847537151903e+00
1.739563625456619578e+00
1.763060914662118561e+00
1.776016610422313180e+00
1.787433378099144932e+00
1.800039925258942963e+00
1.793908491862444166e+00
1.794593843103468478e+00
1.790021467110898490e+00
1.829065204219381346e+00
1.825000841963451359e+00
1.836658028107403862e+00
1.854980267432378094e+00
1.850628673757618525e+00
1.863925604706454964e+00
1.892467364159099219e+00
1.894915274429648022e+00
1.886666697258872150e+00
1.892359604683532925e+00
1.909005212174534449e+00
1.920860205032583368e+00
1.922579742662616997e+00
1.942185855293556251e+00
1.922947205960223060e+00
1.915248404344806366e+00
1.899514295002626252e+00
1.912013331010313566e+00
1.935594178331374371e+00
1.947457857689112837e+00
1.962462706775290222e+00
1.933174905781162689e+00
1.909900654781708118e+00
1.905560920628792454e+00
1.901880834244797924e+00
1.892702926462432655e+00
1.896576588449988110e+00
1.884403555707347966e+00
1.881550303306893657e+00
1.876408674283259082e+00
1.881995958815447345e+00
1.901388649848501755e+00
1.911067862340646295e+00
1.907032417152871862e+00
1.888274177829200706e+00
1.877674513507141985e+00
1.893491691831157731e+00
1.897094298558503311e+00
1.906097818428093005e+00
1.899616128252908709e+00
1.894412144276554688e+00
1.902109533100188932e+00
1.911102623426523595e+00
1.910281538841232418e+00
1.911657127836665415e+00
1.901927503252179186e+00
1.903765492112552415e+00
1.904405466477412157e+00
1.894869094132221932e+00
1.879859288093215008e+00
1.881829319041094406e+00
1.894558147026055739e+00
1.890220707555004598e+00
1.892741354209692473e+00
1.885142997252208463e+00
1.877949919593260297e+00
1.875396601512868244e+00
1.908506259391147486e+00
1.923024272395512657e+00
1.892339219503411218e+00
1.854967708978341179e+00
1.884404148708089366e+00
1.896094440114497903e+00
1.887832466236199158e+00
1.885774099158602279e+00
1.856608749414362602e+00
1.845362359182695977e+00
1.855833223825975820e+00
1.860640194064248298e+00
1.863888926516948708e+00
1.863227967788963380e+00
1.853528654746456228e+00
1.855523898156019813e+00
1.866334595613428293e+00
1.881976970585654163e+00
1.850168734314046270e+00
1.830228743884510845e+00
1.842523062731733496e+00
1.846797509393509618e+00
1.821339248041873526e+00
1.812305929397266535e+00
1.807282938361358005e+00
1.831051784090865331e+00
1.823865159856939977e+00
1.799822792768135615e+00
1.801840278321643618e+00
1.792816316530368326e+00
1.782561057987381625e+00
1.775364904435521973e+00
1.787397747756757527e+00
1.784640493187364951e+00
1.779237644327272383e+00
1.758324064358706140e+00
1.746568422558629541e+00
1.735515035424046282e+00
1.739699824215983126e+00
1.736753682340945515e+00
1.748535145809037461e+00
1.754265155974614965e+00
1.746545156636072127e+00
1.753998588572819317e+00
1.740184699355751929e+00
1.738682216766829658e+00
1.742867156235054171e+00
1.723777223413382576e+00
1.739056750197734313e+00
1.724311377137339285e+00
1.725330079696096641e+00
1.705979881424559697e+00
1.689227304820267284e+00
1.699672932778504286e+00
1.713057534056073639e+00
1.695982489997589493e+00
1.683973701586371163e+00
1.688473206791746062e+00
1.684087953814714211e+00
1.697005870982895459e+00
1.811347470818900574e+00
